set nodes := 1 2 3 4 5 6 7 8 9 10 11 12 13 14 15 16 17 19 20 21 22 23 24 25 26 27 28 29 30 31 32 33 34 35 36 37 38 39 40 41 42 43 44 45 46 47 48 49 50 51 52 53 54 55 56 57 58 59 60 61 62 63 64 65 66 67 68 69 71 72;

set pipes := 0 1 2 3 4 5 6 7 8 9 10 11 12;

param : arcs : L :=
68    4    8.74
54    39    12.2
68    71    18.5
23    63    25.28
57    68    26.3
53    54    26.2
27    30    26.7
60    61    31.5
63    64    31.1
6    60    31.5
17    35    31.3
23    65    79.3
10    11    48.0
7    8    32.5
52    53    50.2
50    51    40.1
34    36    38.2
11    62    38.9
44    69    39.0
15    16    37.8
6    7    51.1
4    6    18.0
35    58    40.39
4    44    42.5
27    28    43.2
46    57    45.2
34    67    42.5
72    3    50.7
13    47    45.8
39    38    53.0
63    25    67.6
42    43    45.2
36    37    49.2
2    5    47.8
20    21    47.0
9    10    48.4
45    13    48.9
7    9    47.5
65    66    47.7
14    15    48.8
11    12    46.6
65    27    47.8
40    41    48.8
49    50    51.1
71    72    51.1
17    29    48.5
48    49    51.0
38    37    51.6
12    14    52.4
41    42    51.0
29    40    51.3
35    46    54.0
13    24    53.0
55    56    55.0
5    17    46.3
31    32    57.2
47    48    57.7
19    20    58.3
43    45    55.8
33    34    37.6
22    23    60.0
51    52    57.7
30    31    62.8
21    22    64.2
30    33    61.3
58    59    61.5
71    19    67.4
26    25    82.7
19    55    79.23
1    2    15.0
16    26    15.0;

param E :=
1   95.4
2   80.38
3   75.93
4   77.5
5   78.66
6   76.63
7   74.54
8   75.8
9   73.92
10   73.53
11   73.0
12   73.7
13   80.3
14   72.95
15   72.16
16   71.58
17   78.7
19   73.4
20   73.11
21   72.41
22   72.7
23   72.02
24   81.34
25   71.75
26   71.58
27   73.05
28   73.1
29   77.15
30   73.2
31   73.4
32   73.46
33   73.81
34   73.9
35   78.87
36   73.9
37   74.9
38   75.0
39   75.33
40   77.22
41   78.06
42   78.07
43   78.97
44   80.6
45   79.3
46   79.0
47   78.94
48   78.52
49   78.25
50   78.13
51   76.62
52   76.06
53   75.92
54   75.16
55   73.5
56   73.05
57   78.87
58   77.41
59   76.46
60   77.1
61   78.7
62   72.3
63   72.04
64   72.1
65   72.37
66   72.9
67   73.47
68   78.6
69   81.91
71   75.7
72   75.8;

param P :=
1   0.0
2   7.0
3   7.0
4   7.0
5   7.0
6   7.0
7   7.0
8   7.0
9   7.0
10   7.0
11   7.0
12   7.0
13   7.0
14   7.0
15   7.0
16   7.0
17   7.0
19   7.0
20   7.0
21   7.0
22   7.0
23   7.0
24   7.0
25   7.0
26   7.0
27   7.0
28   7.0
29   7.0
30   7.0
31   7.0
32   7.0
33   7.0
34   7.0
35   7.0
36   7.0
37   7.0
38   7.0
39   7.0
40   7.0
41   7.0
42   7.0
43   7.0
44   7.0
45   7.0
46   7.0
47   7.0
48   7.0
49   7.0
50   7.0
51   7.0
52   7.0
53   7.0
54   7.0
55   7.0
56   7.0
57   7.0
58   7.0
59   7.0
60   7.0
61   7.0
62   7.0
63   7.0
64   7.0
65   7.0
66   7.0
67   7.0
68   7.0
69   7.0
71   7.0
72   7.0;

param D :=
1   -204.4319999999999
2   1.314
3   0.495
4   1.269
5   5.157
6   2.142
7   2.8080000000000003
8   0.099
9   3.339
10   1.917
11   1.818
12   4.923
13   0.23399999999999999
14   4.032
15   3.357
16   0.0
17   4.4190000000000005
19   0.315
20   3.51
21   6.192
22   6.48
23   2.709
24   9.045
25   18.459
26   2.16
27   0.72
28   1.665
29   0.0
30   4.968
31   4.446
32   1.53
33   5.103
34   3.6450000000000005
35   1.467
36   8.244
37   8.442
38   1.035
39   1.467
40   0.0
41   0.11699999999999999
42   0.07200000000000001
43   0.5489999999999999
44   0.44099999999999995
45   0.189
46   2.052
47   0.765
48   7.587
49   3.285
50   3.69
51   16.047
52   3.5279999999999996
53   2.4210000000000003
54   3.5010000000000003
55   2.313
56   0.27
57   0.504
58   0.405
59   0.07200000000000001
60   0.54
61   1.665
62   5.202
63   1.989
64   5.76
65   2.277
66   4.347
67   1.44
68   1.296
69   2.4509999999999996
71   0.201
72   0.5309999999999999;

param d :=
0   63.0
1   75.0
2   90.0
3   110.0
4   125.0
5   140.0
6   160.0
7   180.0
8   200.0
9   225.0
10   250.0
11   280.0
12   315.0;

param C :=
0   116.0
1   172.0
2   231.0
3   340.0
4   461.0
5   576.0
6   750.0
7   945.0
8   1113.0
9   1430.0
10   1762.0
11   2210.0
12   2794.0;

param R :=
0   140.0
1   140.0
2   140.0
3   140.0
4   140.0
5   140.0
6   140.0
7   140.0
8   140.0
9   140.0
10   140.0
11   140.0
12   140.0;

param Source := 1;


param : F_arcs : F_L :=;

param F_d :=;

param F_R :=;

param vmax := 
68    4    50.0
54    39    50.0
68    71    50.0
23    63    50.0
57    68    50.0
53    54    50.0
27    30    50.0
60    61    50.0
63    64    50.0
6    60    50.0
17    35    50.0
23    65    50.0
10    11    50.0
7    8    50.0
52    53    50.0
50    51    50.0
34    36    50.0
11    62    50.0
44    69    50.0
15    16    50.0
6    7    50.0
4    6    50.0
35    58    50.0
4    44    50.0
27    28    50.0
46    57    50.0
34    67    50.0
72    3    50.0
13    47    50.0
39    38    50.0
63    25    50.0
42    43    50.0
36    37    50.0
2    5    50.0
20    21    50.0
9    10    50.0
45    13    50.0
7    9    50.0
65    66    50.0
14    15    50.0
11    12    50.0
65    27    50.0
40    41    50.0
49    50    50.0
71    72    50.0
17    29    50.0
48    49    50.0
38    37    50.0
12    14    50.0
41    42    50.0
29    40    50.0
35    46    50.0
13    24    50.0
55    56    50.0
5    17    50.0
31    32    50.0
47    48    50.0
19    20    50.0
43    45    50.0
33    34    50.0
22    23    50.0
51    52    50.0
30    31    50.0
21    22    50.0
30    33    50.0
58    59    50.0
71    19    50.0
26    25    50.0
19    55    50.0
1    2    50.0
16    26    50.0;